30003 30008 30013 30018 30038 30041 30048 30055 30060 30063 30067 30068 30074 30077 30079 30080 30097 30100 30103 30104
30106 30108 30109 30122 30134 30136 30141 30146 30154 30166 30185 30197 30201 30202 30203 30216 30238 30240 30245 30267
30288 30296 30303 30304 30307 30314 30318 30331 30332 30340 30346 30355 30360 30364 30366 30373 30374 30377 30380 30381
30388 30390 30391 30398 30402 30410 30415 30419 30430 30434 30437 30448 30449 30453 30457 30469 30472 30473 30474 30476
30477 30484 30485 30490 30492 30497 30509 30522 30525 30527 30537 30548 30552 30553 30554 30561 30586 30606 30610 30613
30621 30625 30628 30631 30643 30650 30653 30665 30669 30673 30684 30694 30715 30727 30732 30746 30747 30748 30752 30753
30755 30772 30778 30780 30781 30787 30791 30808 30812 30814 30825 30832 30841 30842 30853 30862 30866 30884 30887 30889
30898 30923 30931 30932 30934 30943 30953 30955 30959 30971 30972 30973 30979 30983 30986 30989 31000 31012 31019 31031
31034 31040 31042 31045 31047 31049 31054 31055 31060 31065 31066 31067 31079 31086 31087 31088 31095 31104 31109 31124
31134 31136 31144 31147 31152 31162 31173 31177 31190 31214 31216 31218 31219 31222 31225 31231 31241 31243 31244 31248
31255 31267 31268 31273 31281 31294 31298 31307 31313 31316 31319 31321 31322 31333 31336 31340 31341 31347 31350 31364
31366 31381 31394 31401 31404 31422 31424 31429 31433 31435 31438 31440 31459 31464 31467 31470 31476 31479 31480 31482
31499 31507 31518 31521 31533 31536 31537 31538 31554 31559 31566 31580 31587 31594 31599 31601 31602 31610 31613 31655
31659 31660 31663 31685 31694 31710 31717 31722 31725 31727 31731 31739 31742 31748 31761 31767 31771 31774 31778 31787
31800 31803 31810 31814 31817 31831 31849 31854 31855 31864 31865 31886 31888 31889 31897 31898 31899 31900 31926 31930
31934 31940 31943 31944 31946 31949 31954 31962 31963 31990 31991 31993 31994 31995 32009 32012 32027 32028 32051 32062
32072 32080 32088 32099 32100 32106 32147 32148 32149 32157 32159 32164 32165 32166 32173 32178 32179 32188 32193 32212
32214 32216 32220 32222 32223 32229 32233 32235 32245 32249 32258 32264 32270 32283 32294 32297 32304 32310 32313 32315
32320 32321 32324 32328 32329 32335 32338 32350 32353 32359 32361 32389 32392 32411 32440 32448 32469 32470 32479 32481
32490 32492 32499 32503 32504 32517 32523 32534 32535 32538 32541 32549 32552 32554 32562 32567 32586 32587 32590 32596
32598 32599 32610 32612 32617 32624 32628 32636 32642 32645 32646 32653 32684 32685 32702 32706 32712 32714 32717 32718
32721 32724 32729 32734 32744 32746 32749 32757 32767 32773 32783 32793 32810 32816 32832 32838 32850 32852 32853 32858
32860 32874 32881 32887 32889 32898 32902 32906 32923 32925 32942 32944 32968 32970 32972 32973 32979 32981 32985 32986
32993 32995 33007 33012 33021 33026 33028 33034 33036 33041 33044 33048 33054 33057 33065 33066 33073 33078 33091 33095
33115 33123 33124 33140 33144 33146 33152 33156 33159 33160 33180 33183 33190 33197 33198 33201 33206 33217 33220 33229
33253 33262 33265 33268 33277 33311 33318 33320 33325 33327 33329 33334 33335 33336 33345 33355 33359 33373 33376 33381
33382 33383 33385 33389 33399 33401 33408 33409 33411 33416 33442 33458 33459 33467 33489 33494 33511 33516 33520 33521
33531 33532 33564 33568 33571 33575 33582 33584 33588 33599 33604 33607 33614 33622 33624 33647 33652 33654 33661 33662
33665 33675 33686 33709 33718 33722 33730 33733 33736 33752 33758 33763 33793 33795 33798 33808 33819 33822 33823 33845
33846 33865 33868 33871 33873 33878 33885 33893 33894 33899 33903 33918 33921 33922 33930 33931 33933 33937 33945 33946
33953 33959 33962 33963 33978 33986 33991 33992 33994 34007 34010 34013 34014 34038 34039 34046 34050 34053 34056 34074
34081 34087 34095 34106 34126 34127 34129 34130 34139 34166 34177 34182 34183 34184 34190 34204 34208 34211 34222 34223
34231 34234 34247 34248 34258 34267 34268 34270 34271 34273 34274 34282 34285 34290 34300 34304 34317 34331 34345 34346
34360 34362 34366 34398 34407 34413 34420 34423 34424 34426 34440 34442 34471 34478 34483 34496 34497 34519 34521 34522
34531 34536 34537 34544 34548 34552 34557 34560 34561 34571 34575 34576 34610 34621 34628 34637 34640 34648 34662 34670
34674 34675 34676 34679 34702 34718 34723 34726 34728 34738 34759 34775 34778 34782 34786 34788 34795 34814 34817 34820
34836 34839 34844 34855 34860 34864 34870 34874 34877 34879 34884 34890 34894 34895 34896 34897 34899 34914 34923 34924
34926 34937 34942 34944 34951 34955 34972 34976 34977 34986 34998 34999 35035 35039 35060 35063 35064 35072 35079 35082
35084 35096 35103 35113 35134 35144 35157 35158 35169 35180 35200 35214 35229 35235 35237 35249 35256 35269 35272 35298
35314 35316 35319 35329 35338 35357 35372 35373 35380 35389 35393 35394 35396 35400 35411 35428 35436 35437 35445 35449
35464 35470 35476 35486 35493 35495 35499 35515 35518 35532 35533 35545 35547 35552 35560 35567 35568 35572 35578 35597
35599 35606 35614 35617 35624 35625 35657 35666 35684 35689 35691 35697 35701 35703 35705 35713 35714 35726 35733 35742
35749 35757 35761 35768 35773 35782 35783 35784 35791 35796 35798 35817 35823 35830 35835 35839 35850 35856 35864 35883
35888 35899 35915 35921 35922 35933 35934 35936 35944 35947 35960 35963 35972 35974 35975 35976 35978 35987 35998 36008
36009 36028 36039 36048 36057 36058 36067 36069 36071 36073 36074 36076 36077 36081 36095 36106 36107 36130 36136 36162
36166 36178 36204 36215 36218 36225 36231 36233 36238 36247 36249 36253 36258 36260 36264 36266 36281 36282 36283 36295
36308 36314 36316 36324 36329 36338 36341 36344 36353 36358 36362 36373 36377 36395 36396 36401 36405 36417 36444 36450
36453 36456 36460 36470 36472 36496 36503 36504 36510 36521 36525 36529 36546 36554 36559 36563 36572 36575 36576 36580
36587 36589 36599 36600 36604 36605 36609 36610 36617 36622 36629 36637 36643 36650 36653 36660 36677 36682 36683 36690
36710 36711 36713 36714 36718 36720 36729 36740 36742 36748 36749 36752 36760 36773 36778 36782 36783 36785 36786 36788
36789 36804 36808 36813 36815 36837 36852 36857 36868 36872 36875 36876 36877 36888 36889 36892 36897 36902 36906 36911
36913 36915 36926 36930 36934 36935 36948 36954 36969 36971 36975 36976 36982 36989 36997 36999 37007 37015 37018 37061
37064 37075 37089 37090 37092 37093 37095 37102 37104 37113 37121 37125 37131 37145 37161 37167 37168 37173 37176 37179
37180 37206 37207 37213 37218 37223 37225 37226 37230 37236 37249 37252 37253 37278 37280 37287 37295 37304 37306 37311
37327 37331 37340 37369 37370 37371 37389 37396 37402 37403 37413 37427 37432 37449 37468 37472 37483 37490 37502 37515
37519 37520 37525 37547 37554 37555 37557 37559 37570 37588 37595 37597 37601 37619 37620 37622 37625 37632 37639 37641
37645 37647 37649 37658 37663 37668 37673 37682 37691 37708 37710 37713 37719 37733 37734 37735 37737 37740 37743 37753
37758 37762 37767 37806 37816 37817 37819 37821 37824 37828 37831 37832 37852 37860 37872 37879 37883 37903 37905 37906
37910 37911 37924 37925 37930 37933 37936 37940 37943 37945 37946 37948 37960 37962 37968 37992 37993 37996 38001 38006
38011 38013 38024 38030 38032 38038 38042 38050 38053 38060 38066 38071 38081 38086 38094 38114 38123 38129 38139 38148
38150 38157 38186 38195 38196 38200 38224 38226 38231 38244 38269 38277 38291 38292 38316 38325 38339 38342 38371 38372
38379 38380 38381 38386 38396 38402 38404 38407 38411 38418 38425 38432 38439 38447 38453 38459 38463 38464 38465 38468
38479 38482 38483 38485 38497 38531 38538 38548 38552 38562 38576 38580 38595 38609 38653 38657 38660 38661 38664 38666
38673 38692 38705 38707 38714 38721 38724 38729 38731 38740 38749 38760 38769 38778 38781 38801 38809 38826 38834 38849
38864 38868 38869 38879 38880 38882 38888 38894 38900 38904 38911 38927 38933 38943 38947 38951 38952 38953 38954 38961
38970 38984 38996 39005 39009 39018 39022 39026 39031 39040 39054 39067 39097 39099 39102 39110 39124 39126 39130 39154
39156 39164 39168 39169 39174 39189 39191 39193 39194 39196 39198 39201 39202 39204 39214 39218 39219 39223 39237 39238
39239 39242 39245 39249 39256 39263 39274 39276 39283 39288 39289 39292 39297 39312 39314 39318 39319 39322 39331 39350
39355 39362 39370 39371 39386 39398 39405 39411 39413 39418 39420 39422 39437 39440 39442 39447 39452 39461 39466 39468
39470 39472 39475 39480 39497 39518 39521 39526 39527 39531 39536 39552 39556 39560 39566 39572 39576 39612 39614 39619
39621 39630 39635 39638 39641 39660 39665 39679 39684 39687 39693 39694 39696 39700 39706 39714 39719 39729 39733 39740
39741 39742 39750 39760 39768 39769 39770 39771 39775 39779 39784 39788 39789 39790 39802 39814 39817 39826 39835 39840
39843 39844 39854 39856 39859 39865 39868 39881 39883 39888 39894 39901 39903 39904 39909 39911 39918 39927 39935 39943
39947 39958 39962 39969 39971 39973 39975 39998 