30003 30005 30009 30013 30018 30026 30035 30043 30046 30055 30066 30074 30075 30079 30089 30096 30101 30103 30108 30120
30123 30125 30127 30134 30146 30147 30148 30151 30154 30161 30163 30165 30168 30170 30172 30178 30179 30180 30182 30188
30196 30201 30222 30224 30228 30231 30240 30242 30243 30246 30247 30250 30251 30253 30254 30256 30258 30267 30270 30276
30285 30288 30303 30304 30305 30307 30308 30312 30333 30361 30368 30371 30380 30381 30387 30389 30401 30407 30411 30413
30416 30417 30423 30426 30428 30431 30433 30438 30443 30453 30457 30458 30471 30472 30473 30481 30483 30487 30489 30491
30496 30498 30502 30520 30525 30527 30533 30537 30540 30542 30550 30553 30558 30562 30570 30580 30601 30604 30611 30617
30629 30645 30652 30659 30663 30667 30669 30670 30680 30692 30696 30698 30699 30701 30710 30718 30720 30732 30740 30752
30753 30757 30766 30775 30780 30781 30783 30794 30809 30822 30830 30835 30841 30852 30854 30858 30864 30870 30871 30878
30879 30881 30883 30887 30894 30898 30901 30920 30923 30929 30934 30950 30952 30960 30963 30973 30984 30986 30987 30995
31006 31007 31016 31018 31027 31031 31035 31045 31046 31047 31051 31054 31058 31062 31067 31077 31087 31091 31092 31094
31098 31099 31100 31102 31103 31104 31105 31124 31126 31137 31138 31140 31150 31167 31176 31178 31180 31186 31189 31208
31226 31234 31240 31245 31250 31256 31260 31261 31270 31272 31274 31278 31284 31293 31295 31298 31309 31318 31320 31324
31337 31355 31362 31363 31376 31379 31388 31394 31401 31402 31405 31419 31431 31445 31450 31460 31462 31468 31477 31499
31500 31506 31509 31511 31519 31527 31536 31537 31545 31549 31555 31560 31561 31562 31564 31566 31575 31597 31603 31606
31612 31614 31620 31622 31631 31633 31636 31654 31670 31671 31687 31694 31699 31707 31714 31717 31729 31746 31752 31755
31756 31757 31765 31767 31768 31770 31772 31787 31793 31794 31805 31809 31811 31812 31827 31828 31832 31836 31840 31861
31870 31871 31881 31885 31895 31899 31900 31912 31915 31920 31922 31923 31932 31943 31951 31968 31969 31973 31980 31984
31986 31987 31995 32019 32022 32028 32029 32030 32033 32034 32039 32040 32050 32056 32060 32061 32067 32069 32070 32071
32081 32089 32104 32105 32110 32111 32113 32115 32119 32120 32121 32124 32133 32136 32141 32152 32156 32159 32175 32179
32188 32193 32201 32204 32206 32207 32224 32228 32236 32244 32253 32258 32269 32270 32272 32274 32282 32284 32292 32306
32308 32312 32316 32320 32321 32324 32327 32329 32332 32339 32353 32363 32365 32366 32375 32382 32387 32389 32395 32397
32406 32407 32411 32413 32417 32418 32422 32425 32428 32430 32440 32443 32447 32458 32467 32482 32494 32495 32512 32516
32520 32523 32530 32535 32540 32545 32547 32552 32562 32567 32568 32581 32583 32589 32592 32598 32599 32601 32602 32603
32607 32612 32614 32618 32622 32625 32629 32642 32644 32648 32662 32668 32678 32682 32686 32688 32692 32697 32700 32711
32721 32730 32731 32736 32738 32740 32748 32750 32767 32771 32773 32782 32784 32785 32792 32793 32801 32807 32809 32816
32817 32818 32824 32828 32837 32848 32850 32852 32854 32855 32863 32864 32869 32870 32877 32881 32887 32893 32894 32896
32901 32908 32912 32918 32923 32924 32928 32929 32940 32942 32949 32957 32973 32980 32981 32986 32989 32995 32998 33005
33020 33028 33035 33037 33044 33050 33061 33068 33075 33091 33100 33104 33116 33118 33123 33124 33127 33135 33136 33146
33148 33149 33154 33157 33159 33163 33169 33172 33174 33180 33184 33190 33194 33197 33202 33217 33227 33233 33235 33237
33241 33242 33249 33257 33264 33271 33272 33275 33285 33288 33293 33302 33307 33308 33311 33315 33325 33327 33340 33343
33352 33364 33390 33392 33394 33397 33398 33401 33411 33415 33424 33433 33436 33438 33441 33451 33454 33467 33469 33473
33486 33488 33498 33500 33507 33512 33518 33519 33534 33538 33544 33545 33550 33552 33558 33565 33578 33583 33596 33598
33606 33608 33614 33623 33627 33635 33638 33639 33646 33647 33651 33660 33669 33670 33672 33676 33677 33678 33692 33694
33702 33708 33716 33725 33733 33736 33744 33748 33749 33779 33784 33799 33801 33805 33815 33818 33825 33831 33843 33850
33851 33854 33855 33857 33867 33868 33875 33884 33888 33901 33903 33920 33931 33935 33941 33944 33953 33962 33966 33967
33975 33976 33979 33982 33993 33998 34001 34002 34012 34014 34019 34029 34030 34032 34042 34045 34047 34056 34058 34074
34075 34076 34085 34088 34097 34098 34103 34111 34113 34132 34134 34144 34150 34151 34155 34157 34158 34165 34166 34169
34172 34178 34197 34200 34202 34214 34223 34225 34231 34233 34243 34245 34247 34249 34259 34261 34265 34268 34269 34273
34279 34291 34295 34305 34310 34319 34320 34329 34341 34352 34362 34369 34387 34392 34402 34408 34411 34419 34424 34429
34436 34439 34442 34444 34445 34447 34451 34462 34464 34475 34480 34483 34498 34501 34505 34507 34509 34513 34524 34525
34535 34540 34542 34546 34552 34555 34560 34574 34575 34578 34579 34585 34594 34599 34602 34608 34609 34616 34617 34638
34643 34644 34647 34655 34663 34668 34681 34685 34687 34692 34694 34702 34709 34722 34729 34743 34745 34746 34755 34760
34762 34768 34769 34772 34775 34779 34782 34789 34798 34806 34808 34810 34811 34821 34822 34824 34826 34831 34832 34835
34850 34867 34872 34875 34895 34905 34909 34921 34928 34935 34936 34938 34945 34951 34968 34969 34970 34972 34973 34980
34981 34986 34999 35001 35002 35003 35008 35009 35011 35016 35017 35023 35028 35030 35035 35046 35053 35063 35083 35099
35105 35110 35113 35120 35124 35131 35134 35142 35145 35146 35151 35156 35167 35175 35181 35194 35196 35202 35203 35212
35215 35218 35220 35224 35235 35237 35248 35256 35261 35262 35263 35273 35281 35287 35289 35296 35298 35301 35302 35317
35326 35343 35344 35351 35353 35354 35360 35363 35379 35385 35390 35399 35403 35407 35411 35418 35425 35428 35430 35431
35438 35440 35443 35444 35451 35458 35462 35467 35469 35471 35476 35480 35481 35483 35485 35486 35489 35499 35503 35510
35516 35518 35525 35532 35534 35559 35562 35571 35572 35581 35582 35593 35598 35617 35618 35619 35626 35634 35637 35645
35649 35653 35662 35663 35675 35677 35683 35687 35698 35700 35705 35711 35712 35717 35718 35725 35726 35730 35751 35754
35757 35761 35771 35777 35784 35787 35788 35798 35805 35806 35813 35818 35824 35825 35826 35827 35831 35835 35843 35847
35850 35853 35859 35860 35862 35871 35873 35880 35883 35887 35889 35903 35907 35911 35925 35926 35931 35934 35937 35941
35947 35972 35989 36002 36003 36031 36033 36034 36039 36045 36047 36066 36069 36072 36073 36074 36075 36081 36090 36095
36100 36102 36107 36110 36117 36122 36129 36133 36135 36136 36139 36143 36147 36155 36156 36168 36171 36172 36173 36182
36191 36192 36193 36201 36208 36209 36211 36213 36217 36228 36230 36233 36234 36240 36241 36243 36244 36264 36268 36270
36272 36273 36281 36291 36311 36312 36316 36320 36328 36336 36338 36349 36386 36389 36392 36397 36398 36403 36416 36422
36433 36434 36439 36444 36445 36453 36454 36456 36475 36485 36489 36510 36522 36526 36528 36534 36565 36569 36571 36572
36587 36591 36592 36600 36605 36609 36619 36630 36633 36634 36638 36640 36642 36644 36648 36650 36652 36661 36662 36664
36682 36688 36690 36691 36698 36701 36703 36704 36705 36711 36713 36714 36715 36716 36718 36724 36725 36728 36729 36731
36744 36750 36753 36759 36761 36765 36772 36797 36810 36813 36817 36820 36826 36839 36848 36855 36858 36867 36875 36886
36888 36892 36895 36901 36910 36918 36926 36928 36931 36939 36948 36950 36960 36964 36970 36971 36979 36989 37001 37010
37022 37025 37032 37037 37040 37041 37043 37049 37053 37056 37061 37067 37073 37081 37087 37091 37098 37103 37107 37109
37112 37113 37118 37125 37129 37139 37144 37149 37156 37158 37182 37206 37209 37211 37235 37239 37243 37248 37250 37253
37263 37271 37273 37295 37301 37325 37327 37329 37342 37367 37369 37376 37382 37407 37412 37415 37418 37421 37428 37433
37439 37451 37454 37468 37469 37470 37477 37480 37481 37482 37484 37494 37495 37498 37502 37528 37534 37537 37541 37559
37563 37574 37576 37578 37587 37605 37609 37623 37625 37626 37628 37629 37636 37641 37644 37649 37652 37660 37666 37671
37682 37699 37704 37705 37713 37719 37725 37730 37734 37743 37748 37755 37762 37763 37768 37771 37774 37783 37789 37794
37800 37807 37809 37819 37828 37832 37833 37837 37845 37861 37863 37868 37872 37876 37888 37889 37891 37893 37896 37898
37904 37913 37921 37924 37926 37927 37929 37932 37934 37937 37938 37944 37955 37969 37976 37982 37985 37987 38007 38013
38015 38022 38025 38028 38030 38035 38042 38051 38054 38055 38062 38068 38080 38088 38108 38116 38119 38123 38130 38133
38135 38137 38140 38141 38144 38153 38157 38160 38169 38178 38190 38193 38196 38202 38206 38208 38224 38225 38227 38232
38233 38234 38241 38247 38249 38251 38275 38283 38286 38303 38309 38310 38311 38321 38325 38329 38338 38348 38356 38357
38363 38374 38375 38381 38390 38396 38401 38403 38411 38422 38426 38431 38436 38438 38439 38440 38450 38454 38461 38463
38464 38473 38474 38483 38486 38496 38499 38504 38505 38508 38512 38518 38519 38526 38555 38557 38560 38572 38576 38588
38598 38602 38611 38612 38627 38628 38633 38635 38643 38644 38648 38655 38662 38666 38696 38701 38703 38704 38705 38707
38710 38712 38722 38729 38731 38734 38735 38737 38746 38750 38764 38766 38769 38772 38801 38805 38808 38811 38812 38821
38824 38826 38836 38838 38840 38843 38845 38855 38856 38860 38863 38871 38877 38885 38894 38896 38899 38904 38906 38907
38908 38910 38912 38924 38926 38930 38933 38940 38942 38959 38966 38970 38971 38974 38978 38981 38991 38995 39004 39005
39009 39012 39026 39028 39040 39041 39048 39049 39050 39051 39053 39056 39079 39089 39090 39096 39102 39106 39109 39115
39130 39138 39147 39155 39159 39161 39165 39174 39177 39179 39181 39186 39189 39192 39194 39196 39204 39211 39212 39214
39217 39233 39248 39252 39257 39271 39275 39299 39306 39312 39315 39320 39322 39330 39335 39348 39355 39364 39370 39374
39375 39393 39401 39403 39404 39418 39421 39427 39440 39445 39447 39454 39458 39460 39471 39475 39477 39483 39489 39493
39495 39505 39508 39509 39513 39519 39526 39530 39546 39550 39578 39584 39585 39587 39592 39598 39634 39644 39646 39647
39648 39649 39671 39674 39676 39684 39685 39687 39694 39700 39702 39703 39710 39711 39714 39722 39726 39727 39728 39730
39745 39748 39751 39766 39781 39782 39789 39790 39797 39802 39803 39806 39819 39821 39822 39833 39834 39839 39840 39852
39855 39856 39857 39858 39859 39861 39863 39865 39874 39875 39885 39892 39897 39911 39912 39924 39935 39936 39938 39940
39944 39949 39954 39964 39973 39976 39981 39989 39990 39992 39997 39999 